mass_A
t	x	y
0,000000000E0	-3,917535119E-3	3,960174639E-1
3,336666667E-2	-1,509029803E-3	3,969192797E-1
6,673333333E-2	5,783123116E-3	3,930544308E-1
1,001000000E-1	1,410707553E-2	3,831442832E-1
1,334666667E-1	2,771446862E-2	3,758319705E-1
1,668333333E-1	4,388742585E-2	3,650159994E-1
2,002000000E-1	6,449353172E-2	3,529665704E-1
2,335666667E-1	8,884749454E-2	3,406742834E-1
2,669333333E-1	1,172158308E-1	3,283798864E-1
3,003000000E-1	1,498726646E-1	3,175830059E-1
3,336666667E-1	1,859429203E-1	3,124698592E-1
3,670333333E-1	2,216316437E-1	3,109424189E-1
4,004000000E-1	2,578675553E-1	3,153237537E-1
4,337666667E-1	2,922731385E-1	3,191745059E-1
4,671333333E-1	3,249011342E-1	3,240137540E-1
5,005000000E-1	3,566817109E-1	3,271500661E-1
5,338666667E-1	3,891632453E-1	3,294048049E-1
5,672333333E-1	4,212874207E-1	3,245100034E-1
6,006000000E-1	4,544829928E-1	3,127093472E-1
6,339666667E-1	4,894761958E-1	3,055260267E-1
6,673333333E-1	5,270920603E-1	2,950560102E-1
7,007000000E-1	5,671870965E-1	2,860455405E-1
7,340666667E-1	6,082628951E-1	2,861014903E-1
7,674333333E-1	6,484402019E-1	2,914541033E-1
8,008000000E-1	6,879056896E-1	2,961341652E-1
8,341666667E-1	7,261424736E-1	2,988335138E-1
8,675333333E-1	7,644183360E-1	2,967608745E-1
9,009000000E-1	8,028122538E-1	2,889542808E-1
9,342666667E-1	8,420661081E-1	2,763307541E-1
9,676333333E-1	8,841624353E-1	2,635965836E-1
1,001000000E0	9,289006088E-1	2,530195714E-1
1,034366667E0	9,758498784E-1	2,502356949E-1
1,067733333E0	1,023041456E0	2,546504947E-1
1,101100000E0	1,065757096E0	2,693419070E-1
1,134466667E0	1,104870858E0	2,842387833E-1
1,167833333E0	1,142094414E0	2,949021266E-1
1,201200000E0	1,180690923E0	3,005912083E-1
1,234566667E0	1,218146895E0	3,005757676E-1
1,267933333E0	1,256564095E0	2,948239720E-1
1,301300000E0	1,295374032E0	2,865114541E-1
1,334666667E0	1,335414313E0	2,742214363E-1
1,368033333E0	1,377489318E0	2,609408887E-1
