mass_A
t	x	y
0,000000000E0	-3,830613155E-3	3,959192789E-1
3,336666667E-2	-3,607666536E-3	3,959377271E-1
6,673333333E-2	1,379050659E-3	3,947162403E-1
1,001000000E-1	1,195139595E-2	3,887960070E-1
1,334666667E-1	1,993842947E-2	3,798628491E-1
1,668333333E-1	3,664564335E-2	3,699813273E-1
2,002000000E-1	5,621288877E-2	3,585192793E-1
2,335666667E-1	7,904088405E-2	3,440589522E-1
2,669333333E-1	1,061364995E-1	3,315860721E-1
3,003000000E-1	1,391708610E-1	3,213690178E-1
3,336666667E-1	1,739580914E-1	3,124369678E-1
3,670333333E-1	2,102438323E-1	3,087186181E-1
4,004000000E-1	2,472874383E-1	3,112991357E-1
4,337666667E-1	2,821899235E-1	3,166271323E-1
4,671333333E-1	3,156411594E-1	3,226686988E-1
5,005000000E-1	3,481296930E-1	3,266120419E-1
5,338666667E-1	3,804107396E-1	3,286807945E-1
5,672333333E-1	4,124102177E-1	3,228926371E-1
6,006000000E-1	4,451526428E-1	3,151106941E-1
6,339666667E-1	4,807173700E-1	3,066874944E-1
6,673333333E-1	5,178464206E-1	2,963519717E-1
7,007000000E-1	5,571884269E-1	2,855447835E-1
7,340666667E-1	5,985812335E-1	2,837232436E-1
7,674333333E-1	6,395623031E-1	2,891118467E-1
8,008000000E-1	6,792770626E-1	2,938234396E-1
8,341666667E-1	7,181498276E-1	2,966932278E-1
8,675333333E-1	7,570683710E-1	2,967375010E-1
9,009000000E-1	7,963311957E-1	2,908556928E-1
9,342666667E-1	8,356013135E-1	2,774218203E-1
9,676333333E-1	8,778129405E-1	2,643733225E-1
1,001000000E0	9,218350622E-1	2,519668539E-1
1,034366667E0	9,693339084E-1	2,479643267E-1
1,067733333E0	1,015924259E0	2,549727119E-1
1,101100000E0	1,059199045E0	2,687968311E-1
1,134466667E0	1,100501598E0	2,824470590E-1
1,167833333E0	1,139491378E0	2,944468658E-1
1,201200000E0	1,179030196E0	3,013094398E-1
1,234566667E0	1,217761638E0	3,012880512E-1
1,267933333E0	1,257099057E0	2,961568274E-1
1,301300000E0	1,296668997E0	2,861367538E-1
1,334666667E0	1,338168358E0	2,738311557E-1
