mass_A
t	x	y
4,004000000E-1	5,243606874E-3	4,105255721E-1
4,671333333E-1	2,175714323E-2	3,972429450E-1
5,005000000E-1	3,739314163E-2	3,887589376E-1
5,338666667E-1	5,628765118E-2	3,774118702E-1
5,672333333E-1	8,009153420E-2	3,644330384E-1
6,006000000E-1	1,078855987E-1	3,503440332E-1
6,339666667E-1	1,404044307E-1	3,366908637E-1
6,673333333E-1	1,770954537E-1	3,252646273E-1
7,007000000E-1	2,160130458E-1	3,216825961E-1
7,340666667E-1	2,571149481E-1	3,182067373E-1
7,674333333E-1	2,962140628E-1	3,229850815E-1
8,008000000E-1	3,344358017E-1	3,294104759E-1
8,341666667E-1	3,705609793E-1	3,353234910E-1
8,675333333E-1	4,063748049E-1	3,383793664E-1
9,009000000E-1	4,427061470E-1	3,402455094E-1
9,342666667E-1	4,776805402E-1	3,306654933E-1
9,676333333E-1	5,146162037E-1	3,207101020E-1
1,001000000E0	5,538829161E-1	3,087288282E-1
1,034366667E0	5,953964580E-1	2,974551141E-1
1,067733333E0	6,401439152E-1	2,900870655E-1
1,101100000E0	6,853143486E-1	2,907529704E-1
1,134466667E0	7,302671191E-1	2,954065770E-1
1,167833333E0	7,738228784E-1	3,006476365E-1
1,201200000E0	8,168180155E-1	3,029888868E-1
1,234566667E0	8,602176734E-1	3,010298009E-1
1,267933333E0	9,031069251E-1	2,924996363E-1
1,301300000E0	9,466004470E-1	2,793254067E-1
1,334666667E0	9,928972184E-1	2,640210870E-1
1,368033333E0	1,042669769E0	2,521317235E-1
1,401400000E0	1,094659425E0	2,519516683E-1
1,434766667E0	1,146866799E0	2,565098808E-1
1,468133333E0	1,194780827E0	2,708669525E-1
1,501500000E0	1,238147767E0	2,845063602E-1
1,534866667E0	1,280113572E0	2,953290757E-1
1,568233333E0	1,321724499E0	3,052832509E-1
1,601600000E0	1,363548398E0	3,003278380E-1
1,634966667E0	1,404994955E0	2,951489373E-1
1,668333333E0	1,447679369E0	2,857022471E-1
1,701700000E0	1,491604430E0	2,725175749E-1
1,735066667E0	1,538561815E0	2,597020530E-1
1,768433333E0	1,589356891E0	2,378905924E-1
